6
11
 0.000000
0.587785
0.951056
0.951057
0.587788
0.000004
-0.587782
-0.951055
-0.951058
-0.587790
-0.000007
0.000000
1.210377
1.232973
0.778313
-0.036293
-0.021310
-0.051563
-0.669135
-1.123801
-1.211871
0.000000
0.000000
2.709876
0.973404
-0.278938
-0.217926
-0.021579
-0.025502
0.137290
-0.568314
-1.866305
0.000000
0.000000
7.700490
-3.930202
-0.296650
-0.266315
-0.041979
-0.027435
0.109128
0.697374
-1.360858
0.000000
0.000000
22.217024
-10.140547
-8.525758
-0.305866
-0.078435
-0.029181
0.194159
0.381665
-0.203542
0.000000
0.000000
156.368713
-49.648964
-70.808632
-32.640503
-0.101932
-0.030866
0.278768
0.330465
-0.216819
0.000000
