0.000000  
0.015004  
0.030007  
0.045008  
0.060008  
0.075004  
0.089997  
0.104986  
0.119970  
0.134948  
0.149920  
0.164885  
0.179841  
0.194789  
0.209728  
0.224657  
0.239574  
0.254480  
0.269373  
0.284252  
0.299117  
0.313967  
0.328801  
0.343617  
0.358415  
0.373193  
0.387952  
0.402689  
0.417403  
0.432095  
0.446760  
0.461397  
0.476005  
0.490584  
0.505139  
0.519684  
0.534204  
0.548666  
0.563005  
0.577243  
0.591448  
0.605989  
0.620102  
0.634812  
0.648507  
0.670380  
0.673365  
0.706305  
0.634290  
0.985066  
0.000405  
-0.985425  
-0.634208  
-0.706333  
-0.673363  
-0.670386  
-0.648508  
-0.634815  
-0.620104  
-0.605992  
-0.591451  
-0.577246  
-0.563007  
-0.548668  
-0.534206  
-0.519686  
-0.505142  
-0.490586  
-0.476008  
-0.461400  
-0.446762  
-0.432097  
-0.417406  
-0.402691  
-0.387954  
-0.373196  
-0.358417  
-0.343620  
-0.328803  
-0.313970  
-0.299120  
-0.284255  
-0.269374  
-0.254480  
-0.239573  
-0.224655  
-0.209726  
-0.194789  
-0.179845  
-0.164900  
-0.149956  
-0.135020  
-0.120097  
-0.105196  
-0.090322  
-0.075478  
-0.060662  
-0.045858  
-0.031026  
-0.016048  
0.000000  
